0 1 [490, 424, 531, 438, 241]
1 2 [577, 322, 579, 78, 269]
2 3 [289, 532, 364, 436, 121]
3 4 [556, 437, 130, 546, 433]
4 5 [85, 431, 179, 276, 512]
5 6 [70, 164, 338, 327, 147]
6 7 [87, 97, 422, 532, 269]
7 8 [89, 504, 399, 501, 187]
8 9 [547, 211, 238, 460, 278]
9 10 [501, 353, 329, 517, 478]
10 11 [159, 550, 207, 465, 380]
11 12 [205, 356, 562, 460, 401]
12 13 [212, 226, 290, 97, 229]
13 14 [455, 76, 258, 510, 186]
14 15 [443, 444, 290, 267, 173]
15 16 [215, 429, 120, 289, 234]
16 17 [567, 154, 559, 538, 85]
17 18 [315, 195, 487, 263, 82]
18 19 [466, 229, 481, 550, 207]
19 20 [385, 127, 473, 563, 528]
20 21 [257, 309, 573, 147, 156]
21 22 [96, 241, 104, 170, 569]
22 23 [317, 541, 225, 253, 281]
23 24 [131, 469, 177, 148, 137]
24 25 [203, 87, 410, 552, 328]
25 26 [402, 490, 502, 216, 291]
26 27 [188, 145, 135, 183, 295]
27 28 [552, 297, 456, 432, 251]
28 29 [463, 397, 511, 323, 157]
29 30 [351, 249, 457, 151, 69]
30 31 [83, 237, 318, 133, 213]
31 32 [391, 258, 264, 337, 292]
32 33 [556, 502, 260, 531, 135]
33 34 [506, 158, 274, 482, 114]
34 35 [345, 187, 277, 163, 533]
35 36 [509, 170, 295, 329, 218]
36 37 [499, 112, 212, 438, 492]
37 38 [326, 97, 155, 180, 577]
38 39 [150, 539, 105, 476, 500]
39 40 [168, 413, 350, 424, 443]
40 41 [507, 219, 91, 569, 180]
41 42 [428, 396, 334, 435, 297]
42 43 [207, 377, 141, 433, 142]
43 44 [469, 400, 244, 142, 223]
44 45 [128, 481, 435, 277, 473]
45 46 [84, 101, 454, 488, 332]
46 47 [397, 188, 100, 87, 239]
47 48 [505, 67, 314, 422, 315]
48 49 [472, 575, 331, 498, 138]
49 50 [470, 293, 74, 194, 274]
50 51 [454, 545, 331, 284, 139]
51 52 [117, 319, 99, 182, 474]
52 53 [322, 229, 298, 177, 75]
53 54 [123, 538, 419, 417, 451]
54 55 [454, 159, 89, 519, 353]
55 56 [474, 270, 117, 189, 92]
56 57 [439, 155, 465, 205, 374]
57 58 [524, 116, 308, 191, 203]
58 59 [68, 385, 149, 357, 403]
59 60 [266, 71, 397, 492, 326]
60 61 [101, 239, 191, 147, 154]
61 62 [440, 581, 340, 371, 436]
62 63 [511, 84, 94, 461, 398]
63 64 [107, 437, 112, 412, 281]
65 66 [44, 519, 516, 40, 1]
66 67 [577, 15, 42, 526, 58]
67 68 [520, 51, 40, 7, 23]
68 69 [52, 517, 54, 53, 51]
69 70 [61, 522, 17, 16, 563]
70 71 [561, 1, 51, 3, 2]
71 72 [57, 35, 62, 563, 552]
72 73 [10, 55, 537, 581, 531]
73 74 [573, 47, 530, 42, 567]
74 75 [20, 28, 552, 533, 25]
75 76 [571, 13, 525, 547, 556]
76 77 [573, 29, 533, 53, 47]
77 78 [560, 20, 539, 10, 18]
78 79 [526, 57, 50, 539, 545]
79 80 [521, 31, 581, 47, 579]
80 81 [39, 15, 0, 64, 555]
81 82 [4, 553, 32, 24, 49]
82 83 [64, 582, 543, 522, 2]
83 84 [524, 34, 542, 44, 538]
84 85 [25, 569, 571, 552, 516]
85 86 [580, 540, 32, 578, 522]
86 87 [561, 575, 10, 539, 560]
87 88 [2, 553, 545, 4, 33]
88 89 [49, 32, 518, 533, 550]
89 90 [544, 575, 46, 2, 525]
90 91 [538, 36, 551, 554, 50]
91 92 [57, 525, 24, 541, 0]
92 93 [16, 579, 516, 36, 574]
93 94 [20, 568, 562, 32, 579]
94 95 [556, 558, 3, 23, 559]
95 96 [42, 30, 24, 546, 8]
96 97 [562, 12, 519, 27, 577]
97 98 [15, 54, 56, 23, 539]
98 99 [22, 1, 28, 528, 12]
99 100 [549, 553, 42, 567, 559]
100 101 [531, 545, 11, 26, 538]
101 102 [566, 563, 520, 568, 30]
102 103 [519, 576, 521, 28, 20]
103 104 [22, 43, 557, 26, 55]
104 105 [523, 540, 522, 542, 3]
105 106 [8, 30, 37, 555, 575]
106 107 [27, 553, 12, 58, 29]
107 108 [551, 25, 7, 558, 547]
108 109 [36, 552, 49, 574, 46]
109 110 [581, 18, 541, 538, 2]
110 111 [569, 531, 37, 46, 575]
111 112 [562, 40, 7, 50, 37]
112 113 [528, 18, 555, 560, 538]
113 114 [54, 533, 62, 582, 568]
114 115 [59, 60, 53, 568, 545]
115 116 [524, 564, 17, 52, 29]
116 117 [12, 46, 516, 49, 555]
117 118 [64, 530, 38, 33, 562]
118 119 [524, 579, 19, 529, 64]
119 120 [27, 566, 60, 58, 572]
120 121 [17, 44, 535, 539, 51]
121 122 [572, 44, 11, 560, 2]
122 123 [546, 12, 554, 62, 48]
123 124 [18, 7, 581, 526, 541]
124 125 [13, 538, 524, 38, 53]
125 126 [545, 539, 23, 562, 551]
126 127 [527, 42, 549, 63, 552]
127 128 [575, 64, 558, 37, 521]
128 129 [43, 567, 581, 16, 552]
129 130 [518, 27, 63, 581, 521]
130 131 [63, 25, 53, 14, 578]
131 132 [531, 36, 527, 539, 34]
132 133 [34, 36, 28, 30, 7]
133 134 [61, 64, 568, 519, 531]
134 135 [557, 536, 542, 530, 580]
135 136 [62, 557, 63, 11, 526]
136 137 [551, 54, 525, 545, 555]
137 138 [575, 60, 64, 33, 555]
138 139 [542, 516, 26, 525, 524]
139 140 [23, 549, 582, 31, 568]
140 141 [533, 33, 2, 46, 63]
141 142 [4, 582, 540, 24, 553]
142 143 [537, 7, 16, 28, 567]
143 144 [17, 563, 557, 554, 48]
144 145 [521, 16, 6, 14, 535]
145 146 [516, 561, 560, 46, 64]
146 147 [550, 20, 3, 552, 570]
147 148 [526, 49, 5, 516, 531]
148 149 [540, 543, 527, 24, 542]
149 150 [48, 5, 535, 572, 37]
150 151 [575, 520, 58, 47, 557]
151 152 [565, 572, 54, 544, 38]
152 153 [18, 51, 19, 560, 60]
153 154 [51, 529, 523, 542, 29]
154 155 [3, 576, 520, 59, 25]
155 156 [54, 538, 573, 582, 16]
156 157 [522, 529, 30, 5, 61]
157 158 [41, 572, 554, 534, 6]
158 159 [549, 568, 535, 60, 547]
159 160 [568, 61, 558, 33, 576]
160 161 [36, 6, 530, 534, 48]
161 162 [538, 54, 532, 563, 569]
162 163 [6, 52, 50, 537, 13]
163 164 [16, 520, 567, 534, 60]
164 165 [573, 579, 12, 62, 557]
165 166 [556, 527, 54, 561, 53]
166 167 [16, 564, 39, 46, 49]
167 168 [577, 531, 534, 532, 34]
168 169 [5, 64, 576, 549, 523]
169 170 [579, 22, 554, 565, 4]
170 171 [1, 560, 26, 566, 47]
171 172 [27, 59, 26, 41, 518]
172 173 [564, 60, 576, 540, 531]
173 174 [569, 32, 543, 21, 3]
174 175 [578, 40, 49, 41, 13]
175 176 [59, 568, 544, 547, 530]
176 177 [541, 62, 11, 581, 49]
177 178 [14, 524, 33, 30, 520]
178 179 [45, 548, 43, 575, 556]
179 180 [566, 44, 545, 577, 541]
180 181 [45, 12, 517, 521, 571]
181 182 [42, 50, 49, 523, 524]
182 183 [22, 55, 46, 3, 537]
183 184 [518, 43, 529, 21, 549]
184 185 [57, 5, 51, 48, 523]
185 186 [538, 541, 520, 22, 567]
186 187 [15, 14, 2, 22, 6]
187 188 [553, 538, 27, 24, 579]
188 189 [25, 20, 13, 54, 549]
189 190 [3, 63, 6, 62, 532]
190 191 [39, 582, 48, 51, 19]
191 192 [36, 29, 14, 41, 520]
192 193 [40, 548, 551, 539, 25]
193 194 [541, 538, 520, 573, 551]
194 195 [26, 4, 551, 553, 534]
195 196 [42, 536, 570, 526, 62]
196 197 [52, 7, 13, 12, 57]
197 198 [542, 59, 39, 536, 518]
198 199 [527, 17, 30, 21, 10]
199 200 [562, 518, 61, 4, 29]
200 201 [26, 9, 38, 35, 528]
201 202 [538, 2, 54, 34, 550]
202 203 [519, 24, 47, 63, 564]
203 204 [535, 59, 5, 25, 27]
204 205 [579, 537, 34, 23, 570]
205 206 [547, 519, 546, 17, 516]
206 207 [26, 38, 1, 573, 544]
207 208 [531, 559, 565, 539, 23]
208 209 [20, 61, 16, 60, 2]
209 210 [520, 21, 557, 19, 20]
210 211 [42, 0, 26, 535, 537]
211 212 [30, 1, 23, 519, 557]
212 213 [579, 555, 557, 530, 548]
213 214 [572, 573, 547, 39, 37]
214 215 [31, 36, 64, 559, 2]
215 216 [8, 57, 18, 532, 580]
216 217 [25, 36, 7, 49, 32]
217 218 [23, 19, 55, 5, 553]
218 219 [551, 48, 547, 51, 579]
219 220 [11, 533, 561, 13, 61]
220 221 [12, 529, 558, 521, 27]
221 222 [562, 27, 577, 11, 527]
222 223 [556, 527, 540, 6, 550]
223 224 [559, 520, 543, 563, 573]
224 225 [569, 575, 14, 3, 57]
225 226 [28, 12, 573, 36, 582]
226 227 [550, 544, 579, 560, 536]
227 228 [21, 0, 561, 54, 541]
228 229 [12, 37, 26, 560, 552]
229 230 [526, 0, 33, 10, 4]
230 231 [3, 572, 33, 575, 9]
231 232 [536, 2, 559, 39, 46]
232 233 [10, 545, 548, 53, 24]
233 234 [13, 571, 523, 41, 32]
234 235 [565, 547, 564, 25, 558]
235 236 [35, 535, 43, 525, 61]
236 237 [579, 43, 19, 524, 534]
237 238 [581, 48, 517, 582, 54]
238 239 [581, 528, 566, 523, 562]
239 240 [568, 58, 2, 45, 50]
240 241 [14, 43, 30, 22, 60]
241 242 [20, 569, 7, 529, 54]
242 243 [41, 48, 19, 1, 573]
243 244 [19, 28, 572, 564, 519]
244 245 [58, 549, 532, 531, 581]
245 246 [559, 550, 40, 519, 569]
246 247 [41, 17, 553, 23, 528]
247 248 [539, 14, 555, 545, 52]
248 249 [579, 35, 561, 517, 540]
249 250 [567, 0, 20, 551, 566]
250 251 [518, 55, 19, 43, 575]
251 252 [14, 43, 0, 55, 564]
252 253 [33, 552, 59, 4, 543]
253 254 [526, 21, 10, 529, 574]
254 255 [2, 573, 566, 550, 521]
255 256 [56, 49, 566, 45, 559]
256 257 [560, 527, 523, 28, 573]
257 258 [40, 6, 9, 570, 41]
258 259 [61, 49, 52, 7, 530]
259 260 [561, 554, 550, 32, 547]
260 261 [27, 574, 564, 45, 573]
261 262 [538, 573, 548, 530, 53]
262 263 [549, 47, 54, 547, 551]
263 264 [561, 550, 533, 1, 60]
264 265 [535, 546, 37, 580, 564]
265 266 [574, 531, 556, 536, 530]
266 267 [26, 536, 45, 0, 547]
267 268 [566, 40, 527, 555, 46]
268 269 [58, 530, 518, 539, 17]
269 270 [550, 542, 526, 566, 535]
270 271 [575, 64, 42, 553, 539]
271 272 [16, 521, 563, 542, 30]
272 273 [2, 29, 551, 55, 58]
273 274 [19, 62, 13, 520, 541]
274 275 [4, 10, 29, 568, 33]
275 276 [61, 518, 33, 60, 576]
276 277 [44, 54, 536, 52, 540]
277 278 [10, 565, 564, 524, 527]
278 279 [555, 32, 574, 39, 525]
279 280 [58, 559, 526, 534, 575]
280 281 [537, 14, 52, 15, 563]
281 282 [580, 582, 32, 42, 34]
282 283 [564, 60, 10, 19, 552]
283 284 [43, 52, 55, 518, 29]
284 285 [64, 539, 571, 520, 15]
285 286 [557, 5, 8, 48, 516]
286 287 [57, 58, 13, 577, 559]
287 288 [18, 549, 31, 519, 566]
288 289 [58, 533, 526, 37, 572]
289 290 [528, 5, 577, 46, 37]
290 291 [52, 50, 516, 533, 8]
291 292 [527, 519, 576, 56, 582]
292 293 [529, 563, 566, 36, 534]
293 294 [536, 579, 541, 24, 41]
294 295 [45, 30, 520, 524, 554]
295 296 [544, 61, 551, 582, 60]
296 297 [558, 556, 50, 57, 530]
297 298 [552, 2, 18, 33, 28]
298 299 [517, 561, 34, 567, 16]
299 300 [543, 25, 552, 577, 52]
300 301 [39, 5, 566, 61, 27]
301 302 [14, 572, 567, 31, 59]
302 303 [546, 25, 49, 533, 569]
303 304 [518, 558, 524, 527, 7]
304 305 [26, 524, 563, 569, 22]
305 306 [558, 0, 34, 528, 545]
306 307 [36, 566, 29, 27, 577]
307 308 [576, 37, 528, 60, 553]
308 309 [536, 26, 573, 552, 580]
309 310 [2, 6, 527, 5, 556]
310 311 [51, 45, 528, 541, 555]
311 312 [562, 570, 32, 18, 528]
312 313 [57, 524, 16, 538, 33]
313 314 [537, 543, 545, 10, 517]
314 315 [42, 9, 552, 567, 52]
315 316 [574, 550, 526, 48, 554]
316 317 [555, 10, 545, 553, 47]
317 318 [518, 574, 54, 29, 580]
318 319 [540, 576, 546, 37, 29]
319 320 [562, 10, 525, 573, 33]
320 321 [16, 577, 536, 535, 566]
321 322 [9, 30, 37, 540, 5]
322 323 [19, 47, 52, 57, 552]
323 324 [535, 569, 562, 530, 539]
324 325 [528, 48, 531, 60, 560]
325 326 [552, 57, 569, 36, 62]
326 327 [25, 2, 525, 582, 33]
327 328 [547, 579, 30, 37, 536]
328 329 [521, 559, 15, 522, 34]
329 330 [61, 5, 530, 536, 21]
330 331 [555, 520, 557, 28, 39]
331 332 [563, 47, 63, 569, 541]
332 333 [32, 62, 5, 549, 570]
333 334 [553, 538, 53, 38, 517]
334 335 [21, 572, 12, 42, 28]
335 336 [37, 522, 27, 521, 0]
336 337 [532, 48, 22, 539, 536]
337 338 [553, 533, 35, 58, 543]
338 339 [22, 43, 559, 61, 539]
339 340 [531, 4, 551, 44, 41]
340 341 [538, 556, 46, 529, 21]
341 342 [549, 58, 2, 33, 8]
342 343 [577, 36, 560, 28, 533]
343 344 [553, 575, 31, 556, 527]
344 345 [14, 542, 531, 30, 563]
345 346 [538, 560, 566, 10, 521]
346 347 [522, 14, 57, 526, 546]
347 348 [51, 46, 557, 548, 34]
348 349 [0, 36, 572, 527, 37]
349 350 [582, 58, 18, 552, 540]
350 351 [538, 29, 568, 553, 7]
351 352 [24, 540, 6, 50, 36]
352 353 [564, 573, 36, 34, 544]
353 354 [36, 570, 522, 544, 11]
354 355 [57, 31, 569, 550, 49]
355 356 [580, 537, 51, 63, 565]
356 357 [531, 28, 53, 32, 517]
357 358 [14, 568, 16, 55, 528]
358 359 [537, 50, 31, 581, 17]
359 360 [16, 542, 46, 526, 17]
360 361 [4, 542, 521, 9, 565]
361 362 [521, 56, 522, 18, 581]
362 363 [549, 519, 527, 582, 554]
363 364 [11, 22, 4, 23, 548]
364 365 [569, 570, 9, 572, 30]
365 366 [12, 538, 553, 533, 14]
366 367 [563, 536, 40, 558, 577]
367 368 [551, 565, 545, 36, 540]
368 369 [559, 542, 9, 36, 535]
369 370 [50, 4, 43, 58, 529]
370 371 [572, 39, 581, 15, 528]
371 372 [54, 536, 48, 579, 9]
372 373 [539, 575, 11, 566, 22]
373 374 [55, 579, 49, 554, 48]
374 375 [28, 25, 524, 543, 0]
375 376 [29, 518, 50, 53, 535]
376 377 [18, 3, 557, 563, 542]
377 378 [524, 61, 572, 22, 33]
378 379 [6, 47, 42, 61, 558]
379 380 [36, 580, 548, 15, 532]
380 381 [560, 8, 7, 16, 535]
381 382 [519, 568, 582, 525, 4]
382 383 [28, 523, 4, 25, 549]
383 384 [45, 579, 540, 567, 12]
384 385 [50, 573, 521, 1, 524]
385 386 [563, 537, 2, 546, 55]
386 387 [531, 547, 57, 568, 572]
387 388 [542, 582, 38, 574, 46]
388 389 [58, 45, 536, 34, 3]
389 390 [26, 557, 538, 574, 46]
390 391 [538, 54, 1, 19, 39]
391 392 [3, 62, 34, 535, 8]
392 393 [559, 563, 566, 542, 574]
393 394 [60, 16, 51, 38, 528]
394 395 [582, 15, 558, 562, 518]
395 396 [14, 579, 15, 574, 38]
396 397 [548, 560, 59, 44, 49]
397 398 [10, 549, 537, 568, 61]
398 399 [533, 539, 558, 27, 528]
399 400 [51, 37, 10, 544, 41]
400 401 [562, 581, 552, 539, 580]
401 402 [10, 576, 8, 575, 20]
402 403 [29, 556, 574, 525, 21]
403 404 [532, 559, 9, 528, 23]
404 405 [517, 518, 564, 546, 55]
405 406 [4, 519, 39, 44, 530]
406 407 [5, 29, 527, 526, 528]
407 408 [29, 545, 3, 19, 540]
408 409 [59, 33, 552, 568, 523]
409 410 [571, 555, 39, 12, 10]
410 411 [58, 51, 3, 16, 23]
411 412 [564, 17, 536, 12, 530]
412 413 [556, 528, 12, 61, 546]
413 414 [545, 516, 55, 582, 520]
414 415 [528, 575, 23, 574, 552]
415 416 [560, 1, 548, 30, 50]
416 417 [520, 527, 59, 5, 539]
417 418 [567, 545, 30, 55, 559]
418 419 [532, 545, 548, 16, 550]
419 420 [553, 38, 546, 20, 554]
420 421 [40, 27, 43, 520, 52]
421 422 [0, 576, 577, 10, 37]
422 423 [48, 544, 528, 47, 2]
423 424 [548, 28, 1, 523, 55]
424 425 [31, 55, 520, 1, 580]
425 426 [20, 18, 49, 4, 32]
426 427 [536, 62, 553, 13, 58]
427 428 [54, 569, 518, 53, 547]
428 429 [3, 62, 562, 18, 49]
429 430 [540, 42, 46, 518, 23]
430 431 [15, 19, 577, 47, 21]
431 432 [59, 530, 41, 15, 537]
432 433 [534, 582, 4, 545, 540]
433 434 [530, 552, 23, 562, 55]
434 435 [61, 23, 8, 556, 534]
435 436 [19, 44, 545, 53, 523]
436 437 [29, 527, 31, 562, 60]
437 438 [61, 536, 11, 530, 554]
438 439 [563, 551, 556, 26, 542]
439 440 [549, 28, 5, 564, 54]
440 441 [573, 564, 29, 543, 523]
441 442 [567, 557, 528, 572, 24]
442 443 [544, 577, 37, 21, 56]
443 444 [48, 529, 568, 578, 51]
444 445 [32, 543, 524, 518, 38]
445 446 [50, 517, 60, 550, 7]
446 447 [53, 26, 582, 21, 19]
447 448 [17, 576, 516, 24, 580]
448 449 [16, 550, 531, 2, 572]
449 450 [531, 14, 10, 561, 546]
450 451 [531, 59, 579, 50, 12]
451 452 [42, 535, 516, 534, 544]
452 453 [41, 55, 15, 557, 572]
453 454 [7, 567, 43, 521, 580]
454 455 [8, 5, 46, 559, 534]
455 456 [19, 41, 29, 556, 51]
456 457 [581, 54, 529, 568, 536]
457 458 [556, 539, 551, 517, 545]
458 459 [525, 59, 45, 568, 47]
459 460 [42, 57, 31, 566, 539]
460 461 [567, 555, 6, 575, 526]
461 462 [532, 8, 558, 520, 32]
462 463 [552, 527, 17, 523, 516]
463 464 [22, 20, 546, 566, 555]
464 465 [579, 47, 534, 34, 524]
465 466 [2, 29, 21, 554, 49]
466 467 [554, 536, 516, 24, 14]
467 468 [39, 18, 528, 27, 63]
468 469 [567, 30, 557, 549, 559]
469 470 [520, 1, 53, 55, 15]
470 471 [59, 533, 539, 560, 551]
471 472 [60, 41, 0, 57, 528]
472 473 [550, 19, 38, 25, 539]
473 474 [568, 56, 53, 62, 536]
474 475 [547, 567, 516, 579, 574]
475 476 [54, 44, 64, 49, 30]
476 477 [18, 567, 7, 533, 578]
477 478 [581, 524, 526, 45, 49]
478 479 [51, 555, 577, 5, 527]
479 480 [29, 517, 568, 561, 4]
480 481 [45, 25, 535, 547, 569]
481 482 [24, 524, 57, 17, 53]
482 483 [577, 1, 52, 578, 47]
483 484 [578, 18, 44, 10, 533]
484 485 [528, 557, 582, 532, 34]
485 486 [554, 537, 567, 11, 53]
486 487 [552, 63, 5, 16, 517]
487 488 [38, 550, 6, 37, 34]
488 489 [23, 52, 574, 541, 29]
489 490 [58, 3, 28, 577, 51]
490 491 [59, 528, 64, 38, 546]
491 492 [581, 533, 39, 15, 49]
492 493 [553, 9, 40, 58, 35]
493 494 [4, 8, 26, 48, 536]
494 495 [30, 556, 33, 529, 532]
495 496 [517, 557, 518, 4, 560]
496 497 [56, 536, 60, 571, 561]
497 498 [526, 32, 556, 12, 60]
498 499 [556, 539, 568, 541, 567]
499 500 [539, 529, 35, 558, 550]
500 501 [31, 6, 559, 39, 539]
501 502 [539, 582, 47, 15, 22]
502 503 [551, 33, 563, 516, 64]
503 504 [3, 49, 31, 540, 517]
504 505 [573, 59, 39, 554, 25]
505 506 [22, 554, 537, 533, 559]
506 507 [22, 561, 518, 565, 58]
507 508 [64, 35, 564, 43, 61]
508 509 [44, 580, 21, 39, 50]
509 510 [547, 52, 523, 26, 0]
510 511 [49, 571, 556, 536, 33]
511 512 [51, 538, 24, 38, 570]
512 513 [35, 526, 14, 534, 573]
513 514 [570, 539, 549, 64, 59]
514 515 [38, 62, 553, 26, 52]
516 517 [84, 392, 496, 201, 193]
517 518 [235, 6, 204, 240, 288]
518 519 [77, 32, 468, 127, 152]
519 520 [255, 371, 165, 311, 415]
520 521 [479, 365, 175, 186, 150]
521 522 [283, 436, 83, 394, 113]
522 523 [48, 245, 257, 207, 294]
523 524 [30, 435, 140, 190, 214]
524 525 [291, 310, 89, 270, 133]
525 526 [62, 417, 121, 443, 196]
526 527 [463, 198, 335, 380, 103]
527 528 [396, 18, 120, 78, 240]
528 529 [240, 226, 218, 364, 505]
529 530 [153, 322, 229, 492, 54]
530 531 [398, 95, 233, 282, 304]
531 532 [280, 38, 50, 514, 64]
532 533 [113, 164, 318, 410, 210]
533 534 [447, 253, 434, 492, 23]
534 535 [214, 120, 383, 206, 103]
535 536 [497, 309, 179, 123, 185]
536 537 [340, 330, 451, 426, 449]
537 538 [266, 178, 161, 148, 477]
538 539 [133, 88, 278, 183, 162]
539 540 [384, 124, 319, 313, 200]
540 541 [475, 25, 512, 143, 139]
541 542 [365, 236, 452, 433, 413]
542 543 [497, 156, 214, 273, 434]
543 544 [418, 99, 51, 278, 353]
544 545 [469, 31, 450, 498, 393]
545 546 [236, 202, 125, 396, 385]
546 547 [446, 207, 130, 306, 185]
547 548 [246, 433, 183, 303, 362]
548 549 [515, 262, 133, 421, 415]
549 550 [426, 155, 228, 89, 141]
550 551 [215, 223, 231, 423, 135]
551 552 [119, 67, 339, 40, 262]
552 553 [181, 277, 439, 92, 13]
553 554 [360, 433, 455, 178, 437]
554 555 [322, 104, 375, 179, 511]
555 556 [328, 449, 214, 198, 392]
556 557 [91, 72, 323, 313, 354]
557 558 [153, 186, 158, 138, 391]
558 559 [428, 178, 331, 81, 10]
559 560 [435, 335, 112, 70, 232]
560 561 [465, 48, 450, 420, 127]
561 562 [486, 248, 137, 344, 233]
562 563 [266, 107, 379, 64, 511]
563 564 [57, 344, 173, 196, 458]
564 565 [140, 364, 395, 384, 216]
565 566 [282, 329, 429, 266, 483]
566 567 [354, 402, 495, 370, 115]
567 568 [124, 308, 511, 501, 495]
568 569 [246, 499, 251, 64, 411]
569 570 [190, 87, 287, 303, 205]
570 571 [317, 166, 41, 115, 446]
571 572 [67, 128, 52, 275, 290]
572 573 [216, 475, 498, 461, 69]
573 574 [104, 95, 85, 8, 277]
574 575 [345, 492, 298, 309, 295]
575 576 [343, 360, 350, 122, 304]
576 577 [298, 194, 130, 46, 417]
577 578 [174, 20, 195, 429, 171]
578 579 [26, 425, 167, 442, 85]
579 580 [482, 4, 380, 506, 251]
580 581 [258, 155, 122, 510, 145]
581 582 [498, 148, 185, 472, 272]
