0 1 [504, 694, 731, 490, 668]
1 2 [590, 534, 570, 584, 705]
2 3 [704, 551, 472, 656, 685]
3 4 [732, 603, 639, 508, 738]
4 5 [486, 634, 571, 627, 668]
5 6 [602, 492, 661, 547, 628]
6 7 [451, 608, 572, 648, 586]
7 8 [551, 682, 561, 601, 685]
8 9 [674, 481, 450, 496, 485]
9 10 [579, 583, 746, 469, 578]
10 11 [490, 742, 555, 691, 521]
11 12 [522, 454, 680, 690, 563]
12 13 [662, 684, 530, 459, 657]
13 14 [717, 662, 570, 495, 485]
14 15 [657, 674, 656, 607, 606]
15 16 [506, 626, 499, 564, 625]
16 17 [592, 605, 498, 724, 697]
17 18 [597, 626, 592, 471, 625]
18 19 [528, 536, 458, 734, 694]
19 20 [546, 561, 664, 533, 655]
20 21 [654, 624, 569, 692, 500]
21 22 [594, 654, 610, 465, 623]
22 23 [585, 481, 500, 602, 638]
23 24 [648, 660, 640, 675, 607]
24 25 [638, 456, 461, 504, 531]
25 26 [709, 689, 577, 710, 569]
26 27 [671, 476, 463, 483, 537]
27 28 [458, 456, 606, 687, 583]
28 29 [623, 560, 507, 573, 567]
29 30 [469, 639, 556, 699, 716]
30 31 [562, 472, 582, 453, 609]
31 32 [601, 456, 660, 472, 669]
32 33 [547, 592, 693, 568, 472]
33 34 [540, 704, 614, 459, 584]
34 35 [708, 524, 692, 697, 477]
35 36 [662, 650, 700, 610, 647]
36 37 [525, 552, 703, 531, 630]
37 38 [452, 568, 656, 660, 708]
38 39 [543, 674, 547, 622, 502]
39 40 [625, 622, 734, 684, 506]
40 41 [734, 598, 607, 505, 578]
41 42 [716, 522, 741, 624, 508]
42 43 [596, 701, 588, 612, 560]
43 44 [659, 681, 581, 535, 660]
44 45 [663, 481, 679, 686, 503]
45 46 [615, 589, 653, 577, 540]
46 47 [662, 502, 462, 492, 744]
47 48 [538, 505, 728, 704, 602]
48 49 [457, 546, 593, 711, 449]
49 50 [497, 568, 712, 491, 696]
50 51 [576, 580, 646, 559, 714]
51 52 [503, 491, 688, 593, 588]
52 53 [702, 500, 678, 551, 701]
53 54 [682, 713, 652, 483, 535]
54 55 [658, 700, 531, 571, 479]
55 56 [734, 731, 486, 509, 698]
56 57 [652, 526, 539, 566, 690]
57 58 [693, 692, 499, 725, 694]
58 59 [615, 537, 564, 714, 651]
59 60 [738, 741, 530, 612, 464]
60 61 [469, 513, 525, 609, 544]
61 62 [523, 656, 461, 589, 633]
62 63 [718, 464, 714, 698, 612]
63 64 [622, 545, 560, 631, 621]
64 65 [732, 635, 504, 582, 622]
65 66 [657, 720, 724, 678, 684]
66 67 [663, 603, 682, 640, 643]
67 68 [714, 710, 455, 586, 530]
68 69 [734, 499, 464, 627, 701]
69 70 [574, 495, 531, 664, 529]
70 71 [672, 504, 595, 490, 693]
71 72 [607, 613, 624, 672, 542]
72 73 [550, 627, 718, 527, 600]
73 74 [684, 664, 658, 663, 661]
74 75 [688, 739, 682, 676, 573]
75 76 [601, 455, 686, 490, 562]
76 77 [455, 702, 562, 708, 719]
77 78 [647, 555, 453, 534, 526]
78 79 [470, 673, 473, 698, 482]
79 80 [697, 536, 538, 453, 462]
80 81 [685, 590, 640, 471, 619]
81 82 [668, 517, 614, 670, 548]
82 83 [697, 695, 649, 650, 594]
83 84 [699, 726, 705, 535, 575]
84 85 [551, 638, 532, 588, 727]
85 86 [571, 724, 634, 475, 643]
86 87 [703, 536, 572, 641, 527]
87 88 [484, 478, 618, 678, 476]
88 89 [503, 644, 696, 708, 723]
89 90 [707, 693, 708, 527, 475]
90 91 [543, 702, 506, 560, 527]
91 92 [640, 457, 495, 451, 631]
92 93 [682, 686, 539, 561, 487]
93 94 [671, 617, 501, 553, 471]
94 95 [494, 469, 489, 486, 546]
95 96 [686, 571, 464, 635, 715]
96 97 [514, 664, 552, 520, 491]
97 98 [683, 462, 491, 742, 510]
98 99 [485, 714, 582, 715, 733]
99 100 [519, 517, 452, 511, 512]
100 101 [588, 740, 700, 732, 709]
101 102 [511, 520, 682, 500, 647]
102 103 [632, 530, 586, 657, 630]
103 104 [715, 459, 510, 569, 504]
104 105 [613, 707, 727, 527, 661]
105 106 [650, 457, 566, 616, 525]
106 107 [728, 718, 616, 664, 484]
107 108 [603, 548, 461, 654, 488]
108 109 [677, 656, 647, 454, 563]
109 110 [668, 645, 738, 710, 729]
110 111 [711, 682, 636, 505, 628]
111 112 [727, 696, 561, 576, 465]
112 113 [699, 579, 713, 654, 737]
113 114 [593, 629, 497, 513, 728]
114 115 [469, 568, 530, 586, 664]
115 116 [726, 733, 735, 493, 709]
116 117 [599, 697, 484, 612, 452]
117 118 [591, 499, 517, 565, 471]
118 119 [702, 722, 523, 545, 530]
119 120 [672, 743, 696, 658, 623]
120 121 [691, 716, 506, 537, 520]
121 122 [522, 501, 741, 743, 733]
122 123 [677, 624, 737, 567, 574]
123 124 [650, 684, 661, 551, 526]
124 125 [539, 601, 728, 662, 653]
125 126 [471, 630, 719, 594, 529]
126 127 [706, 575, 649, 691, 556]
127 128 [649, 688, 633, 468, 704]
128 129 [458, 491, 740, 516, 502]
129 130 [602, 716, 558, 544, 472]
130 131 [613, 611, 623, 626, 672]
131 132 [601, 507, 541, 718, 514]
132 133 [588, 454, 695, 553, 530]
133 134 [568, 661, 522, 575, 543]
134 135 [603, 584, 619, 465, 484]
135 136 [719, 668, 726, 647, 604]
136 137 [588, 525, 681, 584, 606]
137 138 [485, 499, 565, 588, 616]
138 139 [699, 708, 580, 633, 622]
139 140 [648, 542, 594, 583, 465]
140 141 [690, 696, 667, 523, 571]
141 142 [708, 588, 492, 454, 721]
142 143 [569, 498, 657, 503, 681]
143 144 [696, 528, 672, 535, 723]
144 145 [555, 650, 636, 521, 700]
145 146 [617, 493, 745, 736, 513]
146 147 [745, 515, 720, 512, 574]
147 148 [454, 741, 627, 494, 705]
148 149 [560, 731, 455, 586, 653]
149 150 [549, 635, 659, 499, 619]
150 151 [578, 606, 636, 569, 661]
151 152 [668, 635, 646, 643, 570]
152 153 [503, 624, 709, 498, 726]
153 154 [729, 714, 596, 673, 621]
154 155 [551, 560, 526, 726, 534]
155 156 [574, 623, 629, 664, 705]
156 157 [682, 570, 659, 696, 722]
157 158 [743, 537, 626, 458, 568]
158 159 [707, 552, 730, 717, 631]
159 160 [527, 485, 540, 681, 591]
160 161 [674, 659, 651, 539, 482]
161 162 [724, 665, 676, 468, 534]
162 163 [692, 469, 531, 466, 723]
163 164 [633, 738, 632, 666, 565]
164 165 [651, 636, 474, 540, 549]
165 166 [546, 488, 680, 746, 653]
166 167 [520, 536, 730, 713, 581]
167 168 [545, 725, 564, 486, 658]
168 169 [530, 653, 646, 555, 511]
169 170 [568, 473, 549, 545, 558]
170 171 [629, 455, 659, 610, 673]
171 172 [580, 678, 574, 505, 523]
172 173 [502, 567, 612, 497, 727]
173 174 [521, 541, 515, 483, 517]
174 175 [464, 610, 528, 489, 724]
175 176 [583, 649, 742, 536, 647]
176 177 [510, 711, 613, 730, 652]
177 178 [714, 470, 489, 508, 633]
178 179 [506, 555, 707, 651, 730]
179 180 [537, 551, 640, 477, 624]
180 181 [746, 736, 743, 454, 717]
181 182 [509, 655, 575, 551, 715]
182 183 [723, 578, 690, 677, 597]
183 184 [472, 716, 589, 511, 607]
184 185 [744, 595, 657, 542, 580]
185 186 [484, 550, 584, 559, 636]
186 187 [723, 743, 655, 713, 597]
187 188 [467, 489, 463, 709, 582]
188 189 [585, 500, 482, 716, 707]
189 190 [600, 491, 490, 516, 624]
190 191 [589, 730, 679, 522, 622]
191 192 [454, 680, 573, 450, 683]
192 193 [517, 636, 457, 464, 723]
193 194 [510, 627, 581, 593, 633]
194 195 [671, 648, 731, 500, 547]
195 196 [459, 625, 528, 618, 715]
196 197 [557, 700, 580, 660, 558]
197 198 [614, 674, 695, 581, 457]
198 199 [463, 538, 663, 664, 524]
199 200 [739, 615, 699, 509, 605]
200 201 [650, 665, 554, 607, 628]
201 202 [480, 609, 476, 699, 575]
202 203 [710, 678, 671, 709, 546]
203 204 [722, 567, 678, 556, 695]
204 205 [676, 662, 497, 547, 643]
205 206 [548, 644, 712, 527, 499]
206 207 [647, 594, 680, 740, 522]
207 208 [568, 691, 693, 473, 592]
208 209 [672, 518, 725, 564, 485]
209 210 [454, 601, 652, 695, 468]
210 211 [717, 481, 458, 474, 571]
211 212 [709, 669, 460, 449, 529]
212 213 [735, 680, 496, 471, 502]
213 214 [738, 508, 491, 464, 496]
214 215 [645, 650, 665, 531, 613]
215 216 [504, 697, 655, 711, 578]
216 217 [685, 470, 617, 611, 591]
217 218 [664, 602, 571, 694, 510]
218 219 [583, 594, 627, 675, 477]
219 220 [566, 670, 674, 655, 540]
220 221 [586, 745, 614, 713, 480]
221 222 [691, 681, 647, 470, 481]
222 223 [595, 456, 687, 511, 686]
223 224 [657, 618, 675, 701, 653]
224 225 [722, 637, 688, 630, 567]
225 226 [515, 634, 518, 500, 611]
226 227 [606, 703, 728, 608, 743]
227 228 [461, 659, 670, 716, 469]
228 229 [692, 479, 572, 554, 488]
229 230 [565, 743, 588, 645, 478]
230 231 [599, 461, 593, 590, 690]
231 232 [743, 733, 547, 680, 713]
232 233 [545, 620, 720, 521, 717]
233 234 [455, 626, 566, 741, 671]
234 235 [742, 658, 567, 563, 608]
235 236 [598, 587, 570, 643, 631]
236 237 [616, 496, 732, 672, 674]
237 238 [636, 501, 696, 728, 510]
238 239 [670, 637, 608, 561, 713]
239 240 [613, 459, 636, 539, 592]
240 241 [588, 515, 656, 717, 740]
241 242 [622, 486, 625, 738, 644]
242 243 [625, 681, 713, 700, 501]
243 244 [686, 688, 629, 598, 710]
244 245 [705, 468, 739, 505, 471]
245 246 [586, 651, 603, 534, 488]
246 247 [511, 507, 510, 564, 545]
247 248 [466, 508, 552, 645, 614]
248 249 [572, 628, 690, 516, 455]
249 250 [685, 726, 633, 514, 635]
250 251 [577, 746, 528, 725, 644]
251 252 [740, 516, 624, 666, 657]
252 253 [533, 619, 719, 638, 482]
253 254 [596, 662, 630, 585, 481]
254 255 [464, 456, 654, 593, 722]
255 256 [707, 458, 542, 726, 604]
256 257 [603, 459, 530, 711, 568]
257 258 [683, 618, 623, 553, 727]
258 259 [534, 572, 562, 498, 632]
259 260 [603, 507, 505, 551, 698]
260 261 [622, 692, 624, 660, 516]
261 262 [601, 519, 577, 470, 582]
262 263 [638, 731, 478, 547, 527]
263 264 [601, 455, 680, 530, 684]
264 265 [517, 464, 741, 590, 651]
265 266 [478, 663, 553, 662, 742]
266 267 [601, 600, 464, 536, 469]
267 268 [682, 564, 450, 746, 735]
268 269 [531, 628, 736, 730, 584]
269 270 [561, 518, 652, 654, 556]
270 271 [577, 679, 505, 685, 496]
271 272 [667, 685, 560, 717, 478]
272 273 [581, 719, 682, 563, 723]
273 274 [669, 521, 653, 510, 724]
274 275 [614, 636, 603, 560, 658]
275 276 [626, 459, 724, 510, 732]
276 277 [538, 628, 702, 639, 732]
277 278 [721, 639, 712, 571, 492]
278 279 [565, 646, 517, 589, 604]
279 280 [501, 718, 463, 560, 667]
280 281 [578, 735, 716, 673, 616]
281 282 [460, 633, 478, 745, 649]
282 283 [593, 476, 629, 451, 541]
283 284 [500, 743, 458, 451, 571]
284 285 [480, 554, 678, 701, 647]
285 286 [464, 696, 652, 529, 626]
286 287 [713, 605, 656, 510, 466]
287 288 [629, 711, 732, 532, 572]
288 289 [536, 569, 575, 668, 573]
289 290 [500, 726, 467, 598, 507]
290 291 [607, 551, 656, 558, 708]
291 292 [669, 561, 725, 484, 744]
292 293 [729, 583, 528, 617, 509]
293 294 [493, 518, 489, 659, 499]
294 295 [481, 500, 473, 513, 661]
295 296 [648, 728, 497, 655, 708]
296 297 [697, 631, 706, 530, 615]
297 298 [593, 481, 660, 654, 496]
298 299 [682, 553, 732, 699, 727]
299 300 [700, 711, 736, 680, 603]
300 301 [545, 694, 658, 503, 696]
301 302 [683, 590, 681, 613, 731]
302 303 [619, 458, 629, 474, 713]
303 304 [739, 475, 592, 618, 533]
304 305 [669, 734, 550, 733, 500]
305 306 [497, 479, 572, 478, 496]
306 307 [595, 554, 549, 512, 475]
307 308 [524, 683, 717, 712, 472]
308 309 [575, 658, 674, 486, 546]
309 310 [686, 604, 739, 651, 693]
310 311 [714, 701, 550, 743, 725]
311 312 [612, 663, 567, 677, 653]
312 313 [696, 560, 569, 529, 689]
313 314 [528, 504, 645, 495, 687]
314 315 [688, 622, 475, 473, 659]
315 316 [564, 622, 627, 739, 576]
316 317 [729, 646, 687, 456, 726]
317 318 [718, 498, 513, 714, 666]
318 319 [712, 530, 619, 543, 520]
319 320 [601, 467, 498, 451, 624]
320 321 [655, 505, 517, 740, 706]
321 322 [577, 708, 594, 604, 736]
322 323 [659, 501, 685, 527, 645]
323 324 [497, 466, 574, 529, 479]
324 325 [523, 644, 603, 661, 624]
325 326 [721, 719, 501, 656, 574]
326 327 [534, 735, 469, 491, 681]
327 328 [685, 480, 511, 691, 590]
328 329 [630, 616, 588, 742, 593]
329 330 [605, 553, 739, 606, 594]
330 331 [628, 596, 538, 484, 480]
331 332 [529, 728, 585, 595, 598]
332 333 [670, 478, 541, 453, 618]
333 334 [479, 483, 550, 583, 471]
334 335 [648, 511, 715, 519, 684]
335 336 [693, 540, 515, 598, 504]
336 337 [680, 632, 721, 514, 576]
337 338 [546, 633, 700, 480, 600]
338 339 [590, 639, 699, 454, 636]
339 340 [503, 703, 663, 560, 604]
340 341 [518, 572, 657, 697, 642]
341 342 [459, 466, 603, 732, 694]
342 343 [645, 542, 454, 528, 732]
343 344 [731, 458, 449, 520, 509]
344 345 [711, 682, 552, 515, 583]
345 346 [666, 597, 725, 653, 613]
346 347 [536, 551, 472, 633, 461]
347 348 [502, 528, 744, 556, 575]
348 349 [671, 686, 510, 700, 715]
349 350 [628, 491, 641, 696, 567]
350 351 [557, 573, 658, 499, 656]
351 352 [615, 729, 503, 702, 681]
352 353 [599, 606, 617, 688, 504]
353 354 [732, 696, 644, 518, 527]
354 355 [568, 710, 652, 475, 696]
355 356 [678, 649, 602, 718, 557]
356 357 [526, 487, 721, 583, 625]
357 358 [591, 735, 732, 726, 672]
358 359 [722, 643, 600, 639, 723]
359 360 [638, 731, 469, 497, 468]
360 361 [649, 612, 538, 730, 623]
361 362 [593, 609, 676, 518, 701]
362 363 [650, 686, 668, 542, 669]
363 364 [727, 509, 730, 491, 596]
364 365 [640, 637, 553, 459, 578]
365 366 [676, 494, 536, 460, 549]
366 367 [494, 490, 602, 559, 456]
367 368 [527, 511, 723, 600, 717]
368 369 [585, 501, 646, 601, 515]
369 370 [726, 724, 467, 597, 451]
370 371 [650, 659, 655, 492, 553]
371 372 [584, 518, 597, 513, 639]
372 373 [717, 549, 570, 472, 617]
373 374 [530, 666, 452, 706, 631]
374 375 [546, 455, 708, 457, 481]
375 376 [472, 692, 680, 551, 496]
376 377 [658, 665, 721, 554, 533]
377 378 [489, 608, 618, 530, 504]
378 379 [542, 582, 628, 535, 530]
379 380 [724, 453, 586, 572, 670]
380 381 [561, 712, 449, 524, 732]
381 382 [571, 739, 521, 662, 518]
382 383 [587, 708, 582, 714, 616]
383 384 [473, 543, 601, 675, 483]
384 385 [490, 579, 513, 727, 458]
385 386 [651, 675, 519, 561, 572]
386 387 [555, 542, 598, 507, 731]
387 388 [563, 549, 574, 725, 578]
388 389 [603, 720, 706, 637, 654]
389 390 [598, 618, 637, 731, 546]
390 391 [592, 744, 449, 690, 675]
391 392 [699, 680, 719, 538, 596]
392 393 [570, 503, 564, 674, 519]
393 394 [604, 566, 668, 476, 480]
394 395 [722, 665, 646, 455, 583]
395 396 [491, 562, 733, 591, 694]
396 397 [746, 714, 627, 667, 530]
397 398 [559, 485, 743, 677, 718]
398 399 [549, 497, 575, 506, 642]
399 400 [628, 623, 574, 641, 467]
400 401 [648, 580, 673, 717, 676]
401 402 [529, 702, 563, 710, 734]
402 403 [731, 642, 687, 600, 613]
403 404 [583, 449, 581, 658, 519]
404 405 [535, 716, 544, 623, 603]
405 406 [627, 528, 671, 518, 682]
406 407 [705, 561, 694, 743, 464]
407 408 [589, 464, 626, 661, 635]
408 409 [478, 659, 471, 530, 453]
409 410 [656, 661, 544, 462, 458]
410 411 [673, 584, 704, 572, 626]
411 412 [689, 642, 468, 636, 476]
412 413 [651, 483, 697, 635, 545]
413 414 [450, 671, 741, 655, 509]
414 415 [635, 641, 685, 610, 614]
415 416 [640, 712, 601, 518, 602]
416 417 [680, 632, 562, 476, 601]
417 418 [546, 475, 567, 713, 582]
418 419 [510, 724, 525, 653, 682]
419 420 [643, 715, 746, 608, 728]
420 421 [652, 476, 601, 589, 704]
421 422 [463, 604, 741, 590, 490]
422 423 [500, 695, 657, 460, 562]
423 424 [691, 509, 485, 502, 601]
424 425 [571, 732, 632, 630, 681]
425 426 [646, 525, 546, 451, 669]
426 427 [527, 726, 483, 591, 539]
427 428 [647, 548, 599, 636, 533]
428 429 [623, 525, 700, 651, 658]
429 430 [734, 555, 677, 488, 586]
430 431 [464, 641, 620, 702, 480]
431 432 [560, 512, 572, 619, 523]
432 433 [584, 699, 558, 647, 489]
433 434 [728, 734, 703, 533, 568]
434 435 [714, 727, 538, 666, 614]
435 436 [596, 555, 721, 477, 627]
436 437 [595, 612, 495, 458, 708]
437 438 [644, 706, 671, 564, 473]
438 439 [553, 595, 702, 478, 481]
439 440 [602, 593, 648, 547, 581]
440 441 [645, 727, 710, 629, 587]
441 442 [590, 598, 720, 715, 482]
442 443 [724, 676, 538, 549, 593]
443 444 [642, 654, 715, 706, 689]
444 445 [670, 548, 707, 698, 481]
445 446 [701, 574, 658, 501, 735]
446 447 [528, 660, 717, 727, 709]
447 448 [714, 583, 653, 489, 564]
449 450 [69, 702, 744, 273, 391]
450 451 [260, 333, 407, 95, 85]
451 452 [370, 735, 257, 365, 695]
452 453 [632, 2, 242, 333, 231]
453 454 [444, 71, 381, 405, 688]
454 455 [716, 66, 680, 159, 114]
455 456 [312, 632, 78, 393, 299]
456 457 [667, 658, 438, 256, 653]
457 458 [370, 365, 194, 122, 12]
458 459 [355, 441, 666, 217, 250]
459 460 [157, 150, 731, 220, 237]
460 461 [208, 287, 177, 233, 716]
461 462 [414, 584, 125, 20, 197]
462 463 [135, 372, 182, 689, 660]
463 464 [692, 396, 302, 394, 329]
464 465 [685, 651, 255, 606, 743]
465 466 [731, 612, 588, 658, 252]
466 467 [670, 255, 204, 384, 712]
467 468 [317, 346, 696, 328, 442]
468 469 [15, 307, 376, 116, 90]
469 470 [167, 644, 662, 660, 441]
470 471 [622, 433, 192, 266, 8]
471 472 [288, 652, 212, 214, 335]
472 473 [39, 79, 48, 316, 739]
473 474 [254, 675, 660, 52, 159]
474 475 [105, 713, 210, 330, 98]
475 476 [87, 407, 197, 414, 353]
476 477 [327, 230, 188, 333, 663]
477 478 [68, 306, 290, 269, 435]
478 479 [324, 327, 40, 151, 259]
479 480 [397, 656, 46, 32, 430]
480 481 [202, 292, 425, 104, 196]
481 482 [233, 68, 631, 159, 44]
482 483 [592, 185, 421, 388, 712]
483 484 [60, 107, 276, 657, 288]
484 485 [198, 584, 295, 367, 318]
485 486 [641, 21, 165, 231, 130]
486 487 [226, 75, 129, 279, 406]
487 488 [295, 624, 26, 261, 284]
488 489 [182, 317, 685, 213, 446]
489 490 [651, 388, 433, 58, 72]
490 491 [662, 35, 378, 333, 600]
491 492 [116, 422, 335, 143, 289]
492 493 [97, 651, 712, 408, 237]
493 494 [122, 106, 582, 627, 733]
494 495 [357, 102, 331, 652, 669]
495 496 [661, 665, 420, 152, 103]
496 497 [153, 270, 71, 603, 271]
497 498 [431, 193, 334, 96, 719]
498 499 [295, 138, 368, 706, 260]
499 500 [57, 189, 372, 336, 69]
500 501 [192, 396, 625, 651, 274]
501 502 [286, 661, 406, 334, 715]
502 503 [64, 583, 592, 717, 136]
503 504 [89, 172, 641, 232, 269]
504 505 [584, 338, 23, 148, 689]
505 506 [701, 7, 180, 104, 438]
506 507 [658, 616, 657, 608, 102]
507 508 [400, 237, 715, 368, 312]
508 509 [324, 402, 365, 588, 175]
509 510 [650, 288, 100, 696, 175]
510 511 [10, 641, 411, 731, 220]
511 512 [598, 334, 269, 56, 664]
512 513 [189, 380, 18, 600, 318]
513 514 [175, 710, 144, 312, 680]
514 515 [333, 331, 255, 438, 86]
515 516 [174, 234, 29, 85, 62]
516 517 [353, 107, 192, 593, 728]
517 518 [316, 7, 649, 644, 73]
518 519 [169, 173, 194, 345, 396]
519 520 [15, 129, 259, 400, 689]
520 521 [706, 159, 645, 418, 117]
521 522 [672, 353, 644, 344, 733]
522 523 [279, 697, 600, 87, 373]
523 524 [241, 302, 54, 198, 228]
524 525 [30, 306, 613, 379, 391]
525 526 [295, 38, 317, 666, 667]
526 527 [295, 698, 227, 293, 241]
527 528 [266, 735, 606, 128, 419]
528 529 [25, 54, 693, 410, 642]
529 530 [360, 744, 448, 207, 189]
530 531 [196, 190, 144, 647, 390]
531 532 [44, 631, 268, 56, 623]
532 533 [677, 184, 448, 366, 676]
533 534 [122, 621, 599, 359, 163]
534 535 [256, 290, 622, 596, 353]
535 536 [261, 596, 131, 82, 225]
536 537 [444, 269, 270, 290, 382]
537 538 [381, 637, 314, 145, 227]
538 539 [358, 675, 384, 260, 674]
539 540 [345, 36, 210, 313, 666]
540 541 [339, 3, 286, 117, 222]
541 542 [304, 386, 20, 82, 688]
542 543 [286, 193, 341, 611, 353]
543 544 [9, 649, 93, 24, 585]
544 545 [61, 738, 402, 595, 403]
545 546 [329, 708, 737, 369, 61]
546 547 [252, 316, 228, 671, 332]
547 548 [633, 66, 100, 87, 735]
548 549 [144, 390, 46, 117, 743]
549 550 [288, 242, 629, 176, 367]
550 551 [356, 344, 336, 673, 607]
551 552 [698, 264, 689, 736, 409]
552 553 [17, 292, 617, 423, 302]
553 554 [51, 263, 306, 744, 261]
554 555 [142, 654, 221, 31, 594]
555 556 [208, 272, 404, 44, 78]
556 557 [47, 115, 185, 584, 408]
557 558 [433, 697, 51, 250, 166]
558 559 [719, 594, 413, 617, 224]
559 560 [16, 624, 42, 98, 333]
560 561 [266, 343, 73, 112, 16]
561 562 [669, 720, 119, 183, 85]
562 563 [270, 645, 210, 58, 47]
563 564 [341, 31, 586, 151, 387]
564 565 [229, 175, 646, 30, 321]
565 566 [709, 347, 20, 262, 618]
566 567 [208, 103, 384, 303, 271]
567 568 [149, 180, 201, 656, 40]
568 569 [325, 151, 300, 647, 41]
569 570 [239, 406, 670, 706, 447]
570 571 [729, 19, 332, 94, 364]
571 572 [294, 188, 610, 590, 699]
572 573 [623, 655, 123, 386, 604]
573 574 [164, 639, 299, 703, 653]
574 575 [714, 272, 157, 238, 208]
575 576 [692, 682, 746, 131, 125]
576 577 [87, 444, 734, 217, 689]
577 578 [599, 298, 596, 276, 104]
578 579 [598, 194, 301, 222, 286]
580 581 [129, 315, 41, 429, 464]
581 582 [284, 522, 172, 178, 573]
582 583 [270, 526, 318, 303, 145]
583 584 [142, 457, 409, 364, 421]
584 585 [150, 26, 36, 114, 256]
585 586 [156, 478, 119, 68, 430]
586 587 [546, 531, 357, 96, 562]
587 588 [360, 519, 378, 488, 281]
588 589 [209, 553, 573, 436, 531]
589 590 [320, 501, 443, 169, 564]
590 591 [246, 72, 125, 178, 471]
591 592 [172, 26, 443, 256, 221]
592 593 [540, 207, 350, 28, 473]
593 594 [453, 237, 362, 275, 300]
594 595 [53, 196, 226, 333, 367]
595 596 [150, 459, 20, 529, 300]
596 597 [74, 535, 20, 542, 270]
597 598 [310, 408, 513, 197, 348]
598 599 [78, 89, 522, 207, 467]
599 600 [549, 144, 418, 557, 5]
600 601 [74, 469, 87, 108, 399]
601 602 [383, 424, 204, 573, 564]
602 603 [124, 120, 529, 310, 545]
603 604 [46, 398, 249, 42, 231]
604 605 [74, 321, 201, 117, 578]
605 606 [501, 293, 547, 409, 573]
606 607 [514, 428, 332, 413, 80]
607 608 [267, 385, 353, 172, 116]
608 609 [32, 262, 222, 343, 269]
609 610 [477, 465, 556, 336, 221]
610 611 [156, 397, 439, 316, 545]
611 612 [568, 402, 543, 270, 256]
612 613 [114, 396, 513, 436, 411]
613 614 [250, 126, 399, 437, 329]
614 615 [406, 65, 35, 493, 137]
615 616 [52, 334, 412, 486, 57]
616 617 [310, 85, 6, 34, 238]
617 618 [92, 366, 405, 392, 407]
618 619 [520, 4, 472, 204, 326]
619 620 [412, 348, 338, 108, 33]
620 621 [147, 541, 520, 552, 529]
621 622 [398, 104, 502, 508, 390]
622 623 [531, 77, 93, 84, 558]
623 624 [219, 173, 151, 255, 113]
624 625 [410, 169, 352, 443, 32]
625 626 [0, 407, 348, 572, 25]
626 627 [483, 93, 182, 577, 370]
627 628 [229, 511, 219, 246, 406]
628 629 [302, 61, 64, 365, 236]
629 630 [53, 434, 21, 312, 259]
630 631 [570, 271, 518, 316, 44]
631 632 [214, 377, 233, 265, 519]
632 633 [22, 573, 482, 247, 92]
633 634 [213, 34, 465, 574, 479]
634 635 [474, 472, 521, 159, 183]
635 636 [482, 449, 310, 146, 440]
636 637 [503, 109, 411, 131, 315]
637 638 [483, 225, 223, 547, 173]
638 639 [184, 287, 528, 57, 305]
639 640 [509, 530, 550, 306, 515]
640 641 [360, 277, 313, 472, 246]
641 642 [95, 402, 110, 8, 280]
642 643 [56, 120, 344, 283, 534]
643 644 [505, 448, 396, 330, 112]
644 645 [375, 77, 555, 35, 16]
645 646 [251, 52, 179, 424, 463]
646 647 [301, 152, 288, 0, 433]
647 648 [148, 360, 556, 375, 85]
648 649 [539, 94, 36, 218, 310]
649 650 [457, 183, 313, 283, 44]
650 651 [47, 474, 109, 292, 392]
651 652 [548, 425, 203, 68, 562]
652 653 [441, 192, 464, 370, 282]
653 654 [119, 231, 469, 532, 262]
654 655 [276, 496, 432, 408, 16]
655 656 [121, 500, 267, 206, 148]
656 657 [393, 242, 197, 37, 227]
657 658 [160, 485, 79, 527, 336]
658 659 [514, 76, 116, 525, 471]
659 660 [363, 509, 243, 465, 530]
660 661 [56, 91, 131, 39, 317]
661 662 [383, 334, 449, 135, 98]
662 663 [447, 444, 333, 65, 274]
663 664 [359, 143, 32, 180, 330]
664 665 [562, 396, 33, 282, 166]
665 666 [329, 155, 386, 249, 445]
666 667 [262, 575, 152, 134, 65]
667 668 [496, 276, 274, 346, 305]
668 669 [490, 145, 326, 429, 69]
669 670 [261, 179, 221, 470, 41]
670 671 [142, 536, 135, 160, 570]
671 672 [549, 266, 490, 384, 152]
672 673 [121, 367, 271, 206, 311]
673 674 [577, 314, 257, 487, 309]
674 675 [534, 238, 267, 389, 539]
675 676 [43, 151, 196, 220, 126]
676 677 [563, 271, 97, 12, 285]
677 678 [167, 482, 310, 384, 381]
678 679 [100, 351, 432, 108, 259]
679 680 [271, 352, 531, 24, 85]
680 681 [28, 336, 434, 30, 399]
681 682 [33, 572, 35, 486, 97]
682 683 [528, 330, 304, 60, 477]
683 684 [534, 385, 212, 504, 419]
684 685 [543, 348, 373, 350, 326]
685 686 [319, 353, 555, 106, 261]
686 687 [129, 460, 563, 319, 555]
687 688 [46, 310, 84, 539, 444]
688 689 [569, 205, 307, 563, 199]
689 690 [334, 512, 168, 510, 452]
690 691 [352, 349, 187, 161, 20]
691 692 [226, 521, 550, 221, 172]
692 693 [271, 362, 341, 123, 99]
693 694 [36, 409, 482, 210, 496]
694 695 [8, 198, 260, 381, 147]
695 696 [522, 131, 544, 111, 561]
696 697 [544, 324, 352, 424, 386]
697 698 [337, 289, 240, 246, 312]
698 699 [101, 539, 276, 559, 528]
699 700 [377, 425, 155, 389, 418]
700 701 [219, 534, 368, 538, 145]
701 702 [569, 231, 73, 272, 62]
702 703 [173, 66, 276, 519, 356]
703 704 [374, 426, 122, 230, 578]
704 705 [183, 14, 433, 110, 53]
705 706 [397, 396, 416, 441, 200]
706 707 [350, 251, 133, 311, 125]
707 708 [303, 71, 451, 337, 119]
708 709 [423, 218, 424, 548, 466]
709 710 [7, 426, 513, 534, 546]
710 711 [243, 246, 470, 210, 317]
711 712 [478, 415, 528, 315, 90]
712 713 [401, 506, 51, 257, 232]
713 714 [74, 397, 222, 532, 569]
714 715 [190, 434, 390, 502, 440]
715 716 [303, 239, 373, 324, 207]
716 717 [321, 410, 428, 330, 240]
717 718 [478, 369, 313, 279, 392]
718 719 [273, 211, 184, 66, 526]
719 720 [85, 155, 412, 180, 484]
720 721 [530, 23, 152, 208, 344]
721 722 [554, 67, 45, 193, 5]
722 723 [400, 483, 9, 201, 35]
723 724 [278, 224, 169, 119, 541]
724 725 [564, 337, 494, 5, 360]
725 726 [3, 149, 561, 299, 330]
726 727 [564, 448, 375, 38, 257]
727 728 [254, 272, 395, 239, 400]
728 729 [86, 139, 313, 529, 407]
729 730 [491, 372, 81, 79, 236]
730 731 [358, 511, 185, 165, 488]
731 732 [347, 294, 333, 255, 16]
732 733 [374, 366, 442, 88, 253]
733 734 [344, 437, 106, 342, 292]
734 735 [472, 442, 5, 20, 324]
735 736 [100, 70, 61, 131, 112]
736 737 [111, 518, 510, 397, 1]
737 738 [226, 316, 306, 403, 285]
738 739 [230, 313, 399, 140, 100]
739 740 [511, 5, 72, 368, 354]
740 741 [272, 497, 120, 455, 178]
741 742 [340, 472, 65, 155, 375]
742 743 [40, 429, 425, 32, 554]
743 744 [76, 308, 576, 239, 461]
744 745 [262, 61, 399, 197, 401]
745 746 [244, 35, 458, 288, 559]
